375.50 280.00 700.00 0.00 88.26 0.00
375.50 370.00 700.00 0.00 88.26 0.00
375.50 265.00 600.00 0.00 88.26 0.00
375.50 355.00 600.00 0.00 88.26 0.00
375.50 240.00 500.00 0.00 88.26 0.00
375.50 300.00 500.00 0.00 88.26 0.00
375.50 360.00 500.00 0.00 88.26 0.00
375.50 210.00 400.00 0.00 88.26 0.00
375.50 280.00 400.00 0.00 88.26 0.00
375.50 340.00 400.00 0.00 88.26 0.00
375.50 190.00 300.00 0.00 88.26 0.00
375.50 270.00 300.00 0.00 88.26 0.00
375.50 330.00 300.00 0.00 88.26 0.00
375.50 170.00 200.00 0.00 88.26 0.00
375.50 250.00 200.00 0.00 88.26 0.00
375.50 320.00 200.00 0.00 88.26 0.00
375.50 150.00 125.00 0.00 88.26 0.00
375.50 220.00 125.00 0.00 88.26 0.00
375.50 300.00 125.00 0.00 88.26 0.00
